--------------------------------------------
INC Spring1 Spring2 Spring3 Spring4 Spring5
--------------------------------------------
  1  0.1159  0.4166  0.8601  1.4048  1.9945
  2  0.2319  0.8332  1.7203  2.8095  3.9891
  3  0.3478  1.2499  2.5804  4.2143  5.9836
  4  0.4637  1.6665  3.4405  5.6191  7.9781
  5  0.5797  2.0831  4.3007  7.0239  9.9727
  6  0.6956  2.4997  5.1608  8.4286 11.9672
  7  0.8115  2.9164  6.0209  9.8334 13.9617
  8  0.9275  3.3330  6.8811 11.2382 15.9563
  9  1.0434  3.7496  7.7412 12.6430 17.9508
 10  1.1593  4.1662  8.6013 14.0477 19.9453
--------------------------------------------
