INC Spring1 Spring2 Spring3 Spring4 Spring5
--------------------------------------------
  1  0.0609  0.2173  0.4459  0.7238  1.0229
  2  0.1218  0.4344  0.8905  1.4436  2.0368
  3  0.1827  0.6513  1.3336  2.1588  3.0413
  4  0.2437  0.8680  1.7752  2.8695  4.0364
  5  0.3047  1.0844  2.2152  3.5757  5.0218
  6  0.3658  1.3006  2.6537  4.2773  5.9978
  7  0.4268  1.5166  3.0907  4.9744  6.9642
  8  0.4879  1.7323  3.5262  5.6669  7.9209
  9  0.5491  1.9477  3.9600  6.3549  8.8681
 10  0.6102  2.1629  4.3924  7.0382  9.8055
--------------------------------------------
